Data	0-9	10-19	20-29	30-39	40-49	50-59	60-69	70-79	80-89	>89	Totali
01/01/21	80436	173423	250631	256956	333418	376051	234189	175676	152843	59063	2092686
03/01/21	81757	175746	253900	260436	337651	380665	237458	178075	154467	59591	2119746
05/01/21	83551	179103	258569	265542	344028	387763	242094	181467	157095	60413	2159625
07/01/21	84948	181877	262785	270150	349598	393993	246316	184619	159522	61317	2195125
09/01/21	86269	184704	266646	274116	354355	399332	249731	187228	161547	62046	2225974
11/01/21	87857	187573	270683	278026	359157	404466	253306	189768	163556	62656	2257048
13/01/21	89554	191106	275561	282965	365322	411149	257717	193150	166278	63504	2296306
15/01/21	90552	193075	278182	285567	368633	414751	260065	194903	167725	64018	2317471
17/01/21	91913	195494	281184	288635	372472	419050	262855	197188	169497	64636	2342924
19/01/21	93900	199153	285875	293420	378647	425897	267475	200695	172403	65741	2383206
21/01/21	95302	201502	288773	296484	382420	430235	270234	202791	174007	66323	2408071
23/01/21	96591	203643	291264	299152	385896	434014	272861	204658	175404	66823	2430306
